Sorted Industry Statistics:
              Cumulative Return                                                                               Excess Return                                                                      
                          count      mean       std           min       25%           50%       75%       max         count      mean       std       min       25%       50%       75%       max
Industry Name                                                                                                                                                                                    
汽车零部件Ⅲ                     18.0  0.028866  0.115163 -1.105528e-01 -0.036413  9.653492e-03  0.033312  0.420301          18.0  0.026552  0.113962 -0.092280 -0.032487  0.009697  0.034935  0.417963
其他化学制品                     16.0 -0.003602  0.066230 -8.547438e-02 -0.037051 -1.398229e-02 -0.005000  0.174680          16.0 -0.011064  0.064077 -0.088616 -0.047701 -0.022210  0.000597  0.154428
中药Ⅲ                        14.0  0.031573  0.085042 -8.991461e-02 -0.007771  4.261001e-02  0.060158  0.240677          14.0  0.029496  0.077439 -0.103497 -0.011397  0.030054  0.045776  0.218746
房地产开发Ⅲ                     11.0  0.062091  0.194376 -1.054427e-01 -0.017473 -3.873396e-03  0.064089  0.610619          11.0  0.056786  0.187767 -0.094474 -0.028202  0.000685  0.041814  0.597581
IT服务                        9.0  0.020052  0.070478 -6.756794e-02 -0.037588  1.580217e-02  0.045807  0.130172           9.0  0.008260  0.071526 -0.094707 -0.043236  0.010307  0.070272  0.102114
火电                          9.0  0.027889  0.087043 -6.515562e-02 -0.044385  2.791798e-02  0.038835  0.219781           9.0  0.017898  0.082280 -0.093590 -0.041148 -0.004655  0.056025  0.187712
化学制剂                        9.0  0.035151  0.129915 -7.436368e-02 -0.058295 -2.874848e-02  0.093458  0.320001           9.0  0.038869  0.124996 -0.076706 -0.056449 -0.019921  0.097465  0.298069
计算机设备Ⅲ                      9.0  0.027171  0.121039 -9.138369e-02 -0.055329 -3.255008e-02  0.055195  0.278028           9.0  0.027730  0.116302 -0.094313 -0.054153 -0.015809  0.064226  0.258572
软件开发                        8.0  0.042896  0.120533 -1.323709e-01 -0.032969  6.129737e-02  0.095602  0.239596           8.0  0.060556  0.113578 -0.094445 -0.043195  0.084547  0.118895  0.234101
环保工程及服务Ⅲ                    7.0 -0.014300  0.075633 -1.183429e-01 -0.056392 -8.999381e-03  0.008561  0.122906           7.0 -0.009138  0.070162 -0.095148 -0.048747 -0.000693  0.008149  0.113072
通信传输设备                      7.0  0.032304  0.041460 -3.337861e-02  0.014216  3.575638e-02  0.049308  0.096704           7.0  0.011955  0.049393 -0.021543 -0.017920 -0.013046  0.018663  0.116789
输变电设备                       6.0 -0.039009  0.044475 -7.679704e-02 -0.068129 -6.170233e-02 -0.004396  0.021716           6.0 -0.030968  0.040730 -0.086772 -0.059757 -0.025422  0.003111  0.010388
机械基础件                       6.0 -0.011721  0.092204 -1.321353e-01 -0.065696 -4.882084e-03  0.014794  0.136187           6.0 -0.012434  0.101515 -0.146222 -0.079543 -0.011310  0.048075  0.128654
包装印刷Ⅲ                       6.0  0.029216  0.085731 -5.698146e-02 -0.028016  2.579817e-02  0.039084  0.183123           6.0  0.030934  0.062786 -0.028592 -0.002810  0.016994  0.034030  0.149913
磨具磨料                        6.0  0.030376  0.040439 -2.200465e-02  0.014904  2.864644e-02  0.033710  0.101243           6.0  0.023543  0.033115 -0.020592  0.008662  0.020018  0.034225  0.077980
物流Ⅲ                         6.0 -0.023099  0.128121 -1.673549e-01 -0.126589 -2.383771e-02  0.074376  0.130162           6.0 -0.022852  0.101865 -0.120072 -0.108870 -0.045322  0.059390  0.109361
影视动漫                        6.0  0.020314  0.038400 -3.314899e-02 -0.000868  1.556106e-02  0.053765  0.063755           6.0  0.009858  0.055103 -0.054738 -0.030880  0.010608  0.033768  0.095889
电子零部件制造                     5.0 -0.007652  0.065967 -9.821466e-02 -0.047264 -2.199506e-04  0.048826  0.058613           5.0 -0.001605  0.061083 -0.065544 -0.043198 -0.020068  0.037172  0.083611
贸易Ⅲ                         5.0  0.010257  0.105150 -1.235429e-01 -0.057142  2.057591e-02  0.064120  0.147272           5.0  0.009183  0.092703 -0.092111 -0.070760  0.028380  0.044230  0.136175
生物制品Ⅲ                       5.0  0.090313  0.186647 -3.485271e-02 -0.017283 -2.160269e-07  0.090980  0.412722           5.0  0.075931  0.187641 -0.051571 -0.034756 -0.034002  0.109193  0.390790
证券Ⅲ                         5.0  0.034476  0.016616  1.189952e-02  0.028491  3.392850e-02  0.040818  0.057243           5.0  0.036086  0.028151 -0.006508  0.025174  0.040326  0.059123  0.062314
其他电子Ⅲ                       5.0  0.004975  0.096859 -1.293301e-01 -0.056400  2.594692e-02  0.089178  0.095482           5.0  0.010473  0.094399 -0.118361 -0.051882  0.030009  0.091583  0.101014
化学原料药                       5.0  0.014518  0.067049 -4.022950e-02 -0.039495  8.556854e-03  0.019672  0.124088           5.0  0.021076  0.052958 -0.024692 -0.023892  0.010403  0.041405  0.102157
其它专用机械                      5.0  0.076120  0.070413 -4.214609e-02  0.067778  1.020567e-01  0.122233  0.130677           5.0  0.083620  0.063251 -0.009342  0.053136  0.098646  0.125011  0.150648
铜                           5.0 -0.020144  0.111528 -2.042259e-01 -0.041776  2.654872e-02  0.042395  0.076336           5.0 -0.012262  0.080616 -0.140404 -0.029279 -0.002686  0.054412  0.056647
食品综合                        5.0  0.164199  0.250175  3.418882e-02  0.034552  6.619389e-02  0.075565  0.610494           5.0  0.159688  0.262698  0.011038  0.043220  0.056971  0.058847  0.628366
软件开发及服务                     5.0  0.108298  0.109591 -5.758957e-03  0.036623  9.565135e-02  0.136575  0.278402           5.0  0.061131  0.083345 -0.010600 -0.001693  0.017715  0.128086  0.172150
显示器件Ⅲ                       5.0  0.025478  0.085814 -7.804400e-02 -0.011981  2.766301e-02  0.032829  0.156922           5.0  0.033108  0.071908 -0.039699 -0.007423  0.010935  0.055775  0.145954
聚氨酯                         5.0  0.043128  0.049750  5.818697e-03  0.013841  2.363433e-02  0.043955  0.128392           5.0  0.041956  0.057759 -0.012322 -0.001089  0.032114  0.058753  0.132325
光伏设备                        5.0  0.034896  0.071537 -6.691461e-02  0.008138  5.076983e-02  0.053914  0.128572           5.0  0.046894  0.076240 -0.060942  0.030173  0.043749  0.070885  0.150607
医疗器械Ⅲ                       5.0  0.082426  0.073323 -1.435219e-02  0.055432  6.347014e-02  0.132985  0.174593           5.0  0.097078  0.070289  0.001953  0.059553  0.103336  0.134984  0.185562
百货零售                        5.0  0.011718  0.052146 -7.369440e-02  0.014218  1.804133e-02  0.032660  0.067366           5.0  0.036703  0.029848 -0.006649  0.027416  0.042277  0.045084  0.075390
终端设备                        4.0 -0.006609  0.135919 -1.677275e-01 -0.089984  2.448191e-03  0.085823  0.136393           4.0  0.023571  0.105927 -0.092132 -0.048739  0.022752  0.095062  0.140912
其他轻工制造Ⅲ                     4.0  0.024798  0.094177 -1.113406e-01  0.004029  5.359658e-02  0.074365  0.103340           4.0  0.033841  0.086901 -0.094074  0.019444  0.065699  0.080096  0.098040
其他建材Ⅲ                       4.0 -0.023258  0.051193 -6.601839e-02 -0.057477 -3.737214e-02 -0.003153  0.047732           4.0 -0.040149  0.046621 -0.076911 -0.071403 -0.054568 -0.023315  0.025450
黄金Ⅲ                         4.0  0.010786  0.072941 -8.838746e-02 -0.012131  2.275616e-02  0.045673  0.086018           4.0  0.018437  0.069985 -0.080903 -0.005343  0.041769  0.065550  0.071114
集成电路                        4.0  0.106996  0.099715  2.705557e-02  0.051099  7.473525e-02  0.130632  0.251457           4.0  0.088916  0.103296  0.018424  0.018982  0.049822  0.119756  0.237595
基础建设                        4.0  0.071792  0.065584  2.857283e-02  0.036161  4.468290e-02  0.080314  0.169230           4.0  0.067008  0.064069  0.021040  0.021739  0.044790  0.090059  0.157413
其它通用机械                      4.0  0.050367  0.055206  8.561905e-04  0.004917  4.495509e-02  0.090405  0.110700           4.0  0.058903  0.051757  0.012783  0.018997  0.050057  0.089963  0.122717
系统集成                        4.0  0.004204  0.074013 -9.375071e-02 -0.027226  1.516537e-02  0.046596  0.080238           4.0 -0.004742  0.069987 -0.097724 -0.032224  0.005086  0.032569  0.068583
其他塑料制品                      4.0  0.033489  0.015839  1.374075e-02  0.027529  3.393340e-02  0.039893  0.052349           4.0  0.035242  0.011818  0.017807  0.033627  0.039600  0.041215  0.043961
园林工程Ⅲ                       4.0 -0.006666  0.047163 -7.737309e-02 -0.007999  1.592143e-02  0.017255  0.018867           4.0 -0.024334  0.042353 -0.086500 -0.030794 -0.009594 -0.003133  0.008351
家电零部件                       4.0  0.034535  0.076910 -1.517760e-02 -0.014865  3.130322e-03  0.052530  0.147058           4.0  0.018147  0.071115 -0.022547 -0.022103 -0.014576  0.025673  0.124286
燃气Ⅲ                         4.0  0.014521  0.074877 -7.288180e-02 -0.018221  1.101829e-02  0.043760  0.108930           4.0  0.004082  0.079312 -0.093498 -0.023431  0.004644  0.032157  0.100539
航运Ⅲ                         4.0  0.040643  0.093659 -9.383257e-03 -0.005872 -4.567758e-03  0.041947  0.181089           4.0  0.032748  0.079769 -0.021420 -0.018187  0.001695  0.052629  0.149020
综合Ⅲ                         4.0  0.002465  0.011111 -9.982893e-03 -0.002496  1.457611e-03  0.006418  0.016927           4.0  0.006702  0.026606 -0.022282 -0.007191  0.003914  0.017806  0.041260
涂料油漆油墨制造                    3.0 -0.002177  0.037708 -3.675010e-02 -0.022281 -7.812209e-03  0.015110  0.038032           3.0 -0.019114  0.028147 -0.036975 -0.035337 -0.033699 -0.010183  0.013332
LED                         3.0  0.003296  0.085247 -9.513283e-02 -0.021799  5.153401e-02  0.052510  0.053487           3.0 -0.009115  0.056308 -0.074116 -0.026020  0.022075  0.023386  0.024697
银行Ⅲ                         3.0  0.082820  0.076993  1.092899e-02  0.042199  7.346982e-02  0.118766  0.164062           3.0  0.049564  0.018666  0.030800  0.040281  0.049761  0.058945  0.068130
其他采掘Ⅲ                       3.0 -0.040193  0.199482 -2.354465e-01 -0.141921 -4.839627e-02  0.057434  0.163265           3.0 -0.030626  0.153035 -0.179289 -0.109156 -0.039022  0.043706  0.126434
磁性材料                        3.0  0.068447  0.160139 -5.271333e-02 -0.022330  8.054128e-03  0.129027  0.250000           3.0  0.053471  0.151066 -0.046740 -0.033407 -0.020073  0.103576  0.227226
冶金矿采化工设备                    3.0 -0.059832  0.050592 -9.122216e-02 -0.089014 -8.680522e-02 -0.044137 -0.001470           3.0 -0.048904  0.034128 -0.073589 -0.068376 -0.063163 -0.036561 -0.009959
日用化学产品                      3.0  0.092787  0.066136  3.466656e-02  0.056806  7.894631e-02  0.121847  0.164749           3.0  0.086443  0.085391  0.016259  0.038908  0.061557  0.121535  0.181512
普钢                          3.0 -0.006091  0.123218 -1.186444e-01 -0.071917 -2.518910e-02  0.050186  0.125561           3.0 -0.009209  0.082423 -0.066153 -0.056466 -0.046778  0.019263  0.085305
铝                           3.0 -0.017357  0.117537 -1.135139e-01 -0.082870 -5.222652e-02  0.030721  0.113669           3.0 -0.015018  0.087471 -0.073482 -0.065298 -0.057113  0.014214  0.085541
储能设备                        3.0  0.037208  0.097609 -6.213412e-02 -0.010682  4.076941e-02  0.086878  0.132987           3.0  0.054713  0.091374 -0.037669  0.009547  0.056764  0.100904  0.145044
铁路设备                        3.0  0.029958  0.097517 -6.438902e-02 -0.020244  2.390043e-02  0.077132  0.130363           3.0  0.018224  0.118631 -0.097217 -0.042567  0.012083  0.075945  0.139807
印制电路板                       3.0  0.016796  0.036172 -2.156849e-02  0.000055  2.167782e-02  0.035979  0.050279           3.0  0.001502  0.022062 -0.023710 -0.006379  0.010952  0.014109  0.017265
线缆部件及其他                     3.0 -0.028594  0.060652 -9.363680e-02 -0.056099 -1.856166e-02  0.003927  0.026416           3.0 -0.018446  0.020182 -0.030379 -0.030097 -0.029815 -0.012479  0.004856
通信配套服务                      3.0  0.024621  0.031727  1.995428e-07  0.006719  1.343694e-02  0.036931  0.060425           3.0  0.015954  0.044299 -0.022304 -0.008313  0.005677  0.035082  0.064487
仪器仪表Ⅲ                       3.0  0.032092  0.038024 -1.111219e-02  0.017905  4.692273e-02  0.053694  0.060465           3.0  0.011322  0.038322 -0.031777 -0.003796  0.024185  0.032871  0.041558
医药商业Ⅲ                       3.0  0.023173  0.018749  3.759273e-03  0.014170  2.458102e-02  0.032879  0.041178           3.0 -0.002049  0.009515 -0.011159 -0.006987 -0.002814  0.002506  0.007825
楼宇设备                        3.0  0.178015  0.257229  1.214588e-02  0.029856  4.756638e-02  0.260950  0.474333           3.0  0.183865  0.267648  0.025486  0.029354  0.033222  0.263054  0.492886
路桥施工                        3.0  0.019072  0.068099 -4.454311e-02 -0.016847  1.084985e-02  0.050879  0.090908           3.0  0.039293  0.065059 -0.035662  0.018370  0.072402  0.076770  0.081138
港口Ⅲ                         3.0  0.016017  0.056342 -4.212199e-02 -0.011160  1.980216e-02  0.045087  0.070371           3.0 -0.000876  0.050988 -0.053096 -0.025706  0.001685  0.025234  0.048782
粮食种植                        2.0  0.009850  0.009838  2.893450e-03  0.006372  9.849774e-03  0.013328  0.016806           2.0  0.008779  0.009725  0.001902  0.005341  0.008779  0.012217  0.015656
油气钻采服务                      2.0  0.018194  0.042499 -1.185712e-02  0.003169  1.819425e-02  0.033220  0.048246           2.0  0.008072  0.035736 -0.017197 -0.004563  0.008072  0.020707  0.033342
有色金属冶炼Ⅲ                     2.0  0.100585  0.077435  4.582972e-02  0.073207  1.005847e-01  0.127962  0.155340           2.0  0.035982  0.007151  0.030926  0.033454  0.035982  0.038511  0.041039
环保设备                        2.0  0.027517  0.082102 -3.053795e-02 -0.001511  2.751690e-02  0.056544  0.085572           2.0  0.053575  0.024174  0.036481  0.045028  0.053575  0.062121  0.070668
中压设备                        2.0 -0.030419  0.034500 -5.481412e-02 -0.042617 -3.041902e-02 -0.018221 -0.006024           2.0 -0.010423  0.024269 -0.027585 -0.019004 -0.010423 -0.001843  0.006738
金属新材料Ⅲ                      2.0  0.007957  0.031404 -1.424941e-02 -0.003146  7.956769e-03  0.019060  0.030163           2.0  0.008724  0.016412 -0.002881  0.002921  0.008724  0.014527  0.020329
被动元件                        2.0 -0.049944  0.036351 -7.564819e-02 -0.062796 -4.994394e-02 -0.037092 -0.024240           2.0 -0.037488  0.025722 -0.055677 -0.046582 -0.037488 -0.028394 -0.019300
铅锌                          2.0  0.029094  0.068821 -1.957001e-02  0.004762  2.909380e-02  0.053426  0.077758           2.0  0.061972  0.004360  0.058889  0.060430  0.061972  0.063513  0.065055
平面媒体                        2.0 -0.037985  0.014121 -4.797013e-02 -0.042978 -3.798511e-02 -0.032993 -0.028000           2.0 -0.040602  0.014509 -0.050862 -0.045732 -0.040602 -0.035473 -0.030343
船舶制造Ⅲ                       2.0  0.216598  0.074586  1.638584e-01  0.190228  2.165984e-01  0.242968  0.269338           2.0  0.197908  0.034797  0.173303  0.185605  0.197908  0.210211  0.222514
风电设备                        2.0  0.028722  0.042570 -1.379458e-03  0.013671  2.872243e-02  0.043773  0.058824           2.0  0.059473  0.040929  0.030532  0.045002  0.059473  0.073943  0.088414
房屋建设Ⅲ                       2.0  0.066041  0.015388  5.516018e-02  0.060601  6.604148e-02  0.071482  0.076923           2.0  0.051773  0.018854  0.038442  0.045108  0.051773  0.058439  0.065105
餐饮Ⅲ                         2.0  0.106575  0.006665  1.018625e-01  0.104219  1.065752e-01  0.108932  0.111288           2.0  0.098477  0.025273  0.080607  0.089542  0.098477  0.107412  0.116348
铁路运输Ⅲ                       2.0  0.067096  0.089139  4.065500e-03  0.035581  6.709596e-02  0.098611  0.130126           2.0  0.065155  0.080644  0.008132  0.036643  0.065155  0.093667  0.122179
商用载货车                       2.0  0.020122  0.060534 -2.268160e-02 -0.001280  2.012205e-02  0.041524  0.062926           2.0 -0.022517  0.033488 -0.046196 -0.034357 -0.022517 -0.010677  0.001163
其它视听器材                      2.0 -0.000371  0.079490 -5.657936e-02 -0.028475 -3.711643e-04  0.027733  0.055837           2.0 -0.011600  0.098196 -0.081035 -0.046317 -0.011600  0.023118  0.057836
软饮料                         2.0 -0.005179  0.003485 -7.642966e-03 -0.006411 -5.178829e-03 -0.003947 -0.002715           2.0 -0.000928  0.015146 -0.011637 -0.006283 -0.000928  0.004427  0.009782
粮油加工                        2.0  0.010646  0.008742  4.464462e-03  0.007555  1.064616e-02  0.013737  0.016828           2.0  0.007881  0.008425  0.001924  0.004903  0.007881  0.010860  0.013839
新能源发电                       2.0  0.006183  0.002057  4.728558e-03  0.005456  6.183407e-03  0.006911  0.007638           2.0  0.005336  0.014676 -0.005042  0.000147  0.005336  0.010525  0.015714
其他种植业                       2.0  0.092555  0.021562  7.730834e-02  0.084932  9.255517e-02  0.100179  0.107802           2.0  0.076744  0.020279  0.062404  0.069574  0.076744  0.083914  0.091084
纺织化学用品                      2.0  0.069570  0.037429  4.310390e-02  0.056337  6.957045e-02  0.082804  0.096037           2.0  0.080592  0.036149  0.055031  0.067812  0.080592  0.093373  0.106153
民爆用品                        2.0  0.031570  0.207236 -1.149678e-01 -0.041699  3.157000e-02  0.104839  0.178108           2.0 -0.002363  0.189004 -0.136008 -0.069185 -0.002363  0.064460  0.131283
种子生产                        2.0  0.120141  0.045739  8.779883e-02  0.103970  1.201409e-01  0.136312  0.152483           2.0  0.104330  0.044456  0.072895  0.088612  0.104330  0.120047  0.135765
公交Ⅲ                         2.0  0.025388  0.013650  1.573555e-02  0.020562  2.538770e-02  0.030214  0.035040           2.0  0.009873  0.014041 -0.000055  0.004909  0.009873  0.014837  0.019802
乳品                          2.0  0.004803  0.078806 -5.092137e-02 -0.023059  4.803222e-03  0.032666  0.060528           2.0  0.019364  0.045171 -0.012577  0.003394  0.019364  0.035335  0.051305
轮胎                          2.0 -0.014227  0.026812 -3.318569e-02 -0.023706 -1.422658e-02 -0.004747  0.004733           2.0 -0.010841  0.044643 -0.042408 -0.026625 -0.010841  0.004943  0.020727
氟化工及制冷剂                     2.0  0.045444  0.039394  1.758813e-02  0.031516  4.544385e-02  0.059372  0.073300           2.0  0.066268  0.064171  0.020893  0.043581  0.066268  0.088956  0.111644
多元金融Ⅲ                       2.0  0.103430  0.033272  7.990347e-02  0.091667  1.034300e-01  0.115193  0.126957           2.0  0.036236  0.038847  0.008767  0.022501  0.036236  0.049971  0.063705
家具                          2.0  0.032419  0.035993  6.968061e-03  0.019693  3.241880e-02  0.045144  0.057870           2.0  0.007481  0.032881 -0.015770 -0.004145  0.007481  0.019106  0.030731
高速公路Ⅲ                       2.0 -0.016405  0.007895 -2.198732e-02 -0.019196 -1.640464e-02 -0.013613 -0.010822           2.0 -0.033129  0.000036 -0.033155 -0.033142 -0.033129 -0.033117 -0.033104
重型机械                        2.0 -0.045014  0.002504 -4.678471e-02 -0.045899 -4.501408e-02 -0.044129 -0.043243           2.0 -0.040556  0.037964 -0.067401 -0.053979 -0.040556 -0.027134 -0.013712
其他服装                        2.0 -0.000800  0.007697 -6.242122e-03 -0.003521 -7.998745e-04  0.001921  0.004642           2.0  0.005689  0.001544  0.004597  0.005143  0.005689  0.006235  0.006781
农药                          2.0  0.058342  0.027121  3.916480e-02  0.048753  5.834203e-02  0.067931  0.077519           2.0  0.062659  0.023955  0.045720  0.054190  0.062659  0.071129  0.079598
水务Ⅲ                         2.0  0.039904  0.102985 -3.291775e-02  0.003493  3.990375e-02  0.076314  0.112725           2.0  0.047711  0.059799  0.005427  0.026569  0.047711  0.068853  0.089996
航空装备Ⅲ                       2.0  0.146003  0.012008  1.375118e-01  0.141757  1.460028e-01  0.150248  0.154494           2.0  0.132573  0.016030  0.121239  0.126906  0.132573  0.138241  0.143908
建筑施工                        2.0  0.029408  0.078929 -2.640298e-02  0.001503  2.940802e-02  0.057314  0.085219           2.0  0.022328  0.072229 -0.028746 -0.003209  0.022328  0.047865  0.073401
半导体材料                       2.0  0.081476  0.014733  7.105848e-02  0.076267  8.147618e-02  0.086685  0.091894           2.0  0.053723  0.003561  0.051205  0.052464  0.053723  0.054982  0.056241
其他基础建设                      2.0  0.007092  0.091620 -5.769315e-02 -0.025301  7.091867e-03  0.039484  0.071877           2.0  0.009866  0.059633 -0.032301 -0.011218  0.009866  0.030949  0.052033
工程机械                        2.0 -0.027165  0.083499 -8.620733e-02 -0.056686 -2.716494e-02  0.002356  0.031877           2.0 -0.029007  0.040751 -0.057822 -0.043414 -0.029007 -0.014599 -0.000191
分立器件                        2.0  0.036404  0.040037  8.093012e-03  0.022248  3.640356e-02  0.050559  0.064714           2.0  0.029741  0.021926  0.014237  0.021989  0.029741  0.037493  0.045245
汽车服务Ⅲ                       1.0 -0.032369       NaN -3.236947e-02 -0.032369 -3.236947e-02 -0.032369 -0.032369           1.0 -0.022995       NaN -0.022995 -0.022995 -0.022995 -0.022995 -0.022995
无机盐                         1.0 -0.049402       NaN -4.940221e-02 -0.049402 -4.940221e-02 -0.049402 -0.049402           1.0 -0.058625       NaN -0.058625 -0.058625 -0.058625 -0.058625 -0.058625
国际工程承包                      1.0  0.026621       NaN  2.662128e-02  0.026621  2.662128e-02  0.026621  0.026621           1.0  0.014804       NaN  0.014804  0.014804  0.014804  0.014804  0.014804
超市                          1.0 -0.016216       NaN -1.621606e-02 -0.016216 -1.621606e-02 -0.016216 -0.016216           1.0 -0.006842       NaN -0.006842 -0.006842 -0.006842 -0.006842 -0.006842
电源设备                        1.0  0.095384       NaN  9.538436e-02  0.095384  9.538436e-02  0.095384  0.095384           1.0  0.072610       NaN  0.072610  0.072610  0.072610  0.072610  0.072610
冰箱                          1.0 -0.066773       NaN -6.677283e-02 -0.066773 -6.677283e-02 -0.066773 -0.066773           1.0 -0.073567       NaN -0.073567 -0.073567 -0.073567 -0.073567 -0.073567
园区开发Ⅲ                       1.0  0.034187       NaN  3.418715e-02  0.034187  3.418715e-02  0.034187  0.034187           1.0  0.011905       NaN  0.011905  0.011905  0.011905  0.011905  0.011905
商业物业经营                      1.0 -0.032029       NaN -3.202880e-02 -0.032029 -3.202880e-02 -0.032029 -0.032029           1.0 -0.026406       NaN -0.026406 -0.026406 -0.026406 -0.026406 -0.026406
城轨建设                        1.0  0.070734       NaN  7.073367e-02  0.070734  7.073367e-02  0.070734  0.070734           1.0  0.058916       NaN  0.058916  0.058916  0.058916  0.058916  0.058916
机床工具                        1.0 -0.144792       NaN -1.447922e-01 -0.144792 -1.447922e-01 -0.144792 -0.144792           1.0 -0.153919       NaN -0.153919 -0.153919 -0.153919 -0.153919 -0.153919
电机Ⅲ                         1.0  0.144011       NaN  1.440109e-01  0.144011  1.440109e-01  0.144011  0.144011           1.0  0.137217       NaN  0.137217  0.137217  0.137217  0.137217  0.137217
炭黑                          1.0  0.039474       NaN  3.947385e-02  0.039474  3.947385e-02  0.039474  0.039474           1.0  0.035993       NaN  0.035993  0.035993  0.035993  0.035993  0.035993
铁路建设                        1.0  0.127738       NaN  1.277377e-01  0.127738  1.277377e-01  0.127738  0.127738           1.0  0.137182       NaN  0.137182  0.137182  0.137182  0.137182  0.137182
水利工程                        1.0  0.002504       NaN  2.503971e-03  0.002504  2.503971e-03  0.002504  0.002504           1.0  0.007022       NaN  0.007022  0.007022  0.007022  0.007022  0.007022
其他文化传媒                      1.0  0.030273       NaN  3.027320e-02  0.030273  3.027320e-02  0.030273  0.030273           1.0  0.046611       NaN  0.046611  0.046611  0.046611  0.046611  0.046611
水产养殖                        1.0 -0.080282       NaN -8.028164e-02 -0.080282 -8.028164e-02 -0.080282 -0.080282           1.0 -0.084915       NaN -0.084915 -0.084915 -0.084915 -0.084915 -0.084915
氯碱                          1.0  0.012565       NaN  1.256465e-02  0.012565  1.256465e-02  0.012565  0.012565           1.0  0.025899       NaN  0.025899  0.025899  0.025899  0.025899  0.025899
空调                          1.0  0.129151       NaN  1.291514e-01  0.129151  1.291514e-01  0.129151  0.129151           1.0  0.203792       NaN  0.203792  0.203792  0.203792  0.203792  0.203792
造纸Ⅲ                         1.0 -0.008895       NaN -8.894819e-03 -0.008895 -8.894819e-03 -0.008895 -0.008895           1.0 -0.011744       NaN -0.011744 -0.011744 -0.011744 -0.011744 -0.011744
水电                          1.0 -0.007955       NaN -7.955400e-03 -0.007955 -7.955400e-03 -0.007955 -0.007955           1.0 -0.040528       NaN -0.040528 -0.040528 -0.040528 -0.040528 -0.040528
印刷包装机械                      1.0 -0.020747       NaN -2.074663e-02 -0.020747 -2.074663e-02 -0.020747 -0.020747           1.0 -0.016681       NaN -0.016681 -0.016681 -0.016681 -0.016681 -0.016681
旅游综合Ⅲ                       1.0 -0.028409       NaN -2.840903e-02 -0.028409 -2.840903e-02 -0.028409 -0.028409           1.0 -0.024343       NaN -0.024343 -0.024343 -0.024343 -0.024343 -0.024343
其他专业工程                      1.0 -0.055267       NaN -5.526727e-02 -0.055267 -5.526727e-02 -0.055267 -0.055267           1.0 -0.036561       NaN -0.036561 -0.036561 -0.036561 -0.036561 -0.036561
磷肥                          1.0  0.107095       NaN  1.070951e-01  0.107095  1.070951e-01  0.107095  0.107095           1.0  0.102462       NaN  0.102462  0.102462  0.102462  0.102462  0.102462
其他酒类                        1.0 -0.044298       NaN -4.429847e-02 -0.044298 -4.429847e-02 -0.044298 -0.044298           1.0 -0.068754       NaN -0.068754 -0.068754 -0.068754 -0.068754 -0.068754
动物保健Ⅲ                       1.0 -0.024647       NaN -2.464699e-02 -0.024647 -2.464699e-02 -0.024647 -0.024647           1.0 -0.028127       NaN -0.028127 -0.028127 -0.028127 -0.028127 -0.028127
黄金                          1.0  0.034013       NaN  3.401336e-02  0.034013  3.401336e-02  0.034013  0.034013           1.0  0.040569       NaN  0.040569  0.040569  0.040569  0.040569  0.040569
互联网信息服务                     1.0  0.238578       NaN  2.385776e-01  0.238578  2.385776e-01  0.238578  0.238578           1.0  0.234678       NaN  0.234678  0.234678  0.234678  0.234678  0.234678
其他稀有小金属                     1.0  0.047478       NaN  4.747764e-02  0.047478  4.747764e-02  0.047478  0.047478           1.0  0.034803       NaN  0.034803  0.034803  0.034803  0.034803  0.034803
石油贸易                        1.0 -0.041594       NaN -4.159403e-02 -0.041594 -4.159403e-02 -0.041594 -0.041594           1.0 -0.023321       NaN -0.023321 -0.023321 -0.023321 -0.023321 -0.023321
果蔬加工                        1.0 -0.033961       NaN -3.396144e-02 -0.033961 -3.396144e-02 -0.033961 -0.033961           1.0 -0.029443       NaN -0.029443 -0.029443 -0.029443 -0.029443 -0.029443
粘胶                          1.0 -0.002300       NaN -2.300388e-03 -0.002300 -2.300388e-03 -0.002300 -0.002300           1.0 -0.008492       NaN -0.008492 -0.008492 -0.008492 -0.008492 -0.008492
其他家用轻工                      1.0  0.198864       NaN  1.988644e-01  0.198864  1.988644e-01  0.198864  0.198864           1.0  0.210792       NaN  0.210792  0.210792  0.210792  0.210792  0.210792
黄酒                          1.0  0.084716       NaN  8.471649e-02  0.084716  8.471649e-02  0.084716  0.084716           1.0  0.078069       NaN  0.078069  0.078069  0.078069  0.078069  0.078069
改性塑料                        1.0  0.102391       NaN  1.023907e-01  0.102391  1.023907e-01  0.102391  0.102391           1.0  0.083983       NaN  0.083983  0.083983  0.083983  0.083983  0.083983
陶瓷制造                        1.0  0.006959       NaN  6.958906e-03  0.006959  6.958906e-03  0.006959  0.006959           1.0 -0.003809       NaN -0.003809 -0.003809 -0.003809 -0.003809 -0.003809
畜禽养殖Ⅲ                       1.0  0.049664       NaN  4.966361e-02  0.049664  4.966361e-02  0.049664  0.049664           1.0 -0.004829       NaN -0.004829 -0.004829 -0.004829 -0.004829 -0.004829
交换设备                        1.0  0.020588       NaN  2.058836e-02  0.020588  2.058836e-02  0.020588  0.020588           1.0  0.006970       NaN  0.006970  0.006970  0.006970  0.006970  0.006970
啤酒                          1.0 -0.007899       NaN -7.898955e-03 -0.007899 -7.898955e-03 -0.007899 -0.007899           1.0 -0.022052       NaN -0.022052 -0.022052 -0.022052 -0.022052 -0.022052
文娱用品                        1.0 -0.104368       NaN -1.043681e-01 -0.104368 -1.043681e-01 -0.104368 -0.104368           1.0 -0.072936       NaN -0.072936 -0.072936 -0.072936 -0.072936 -0.072936
管材                          1.0 -0.078947       NaN -7.894702e-02 -0.078947 -7.894702e-02 -0.078947 -0.078947           1.0 -0.083719       NaN -0.083719 -0.083719 -0.083719 -0.083719 -0.083719
其他橡胶制品                      1.0  0.111833       NaN  1.118332e-01  0.111833  1.118332e-01  0.111833  0.111833           1.0  0.113912       NaN  0.113912  0.113912  0.113912  0.113912  0.113912
通信运营Ⅲ                       1.0  0.011557       NaN  1.155710e-02  0.011557  1.155710e-02  0.011557  0.011557           1.0  0.027551       NaN  0.027551  0.027551  0.027551  0.027551  0.027551
计量仪表                        1.0 -0.012780       NaN -1.277952e-02 -0.012780 -1.277952e-02 -0.012780 -0.012780           1.0  0.003215       NaN  0.003215  0.003215  0.003215  0.003215  0.003215
棉纺                          1.0 -0.030786       NaN -3.078605e-02 -0.030786 -3.078605e-02 -0.030786 -0.030786           1.0 -0.014792       NaN -0.014792 -0.014792 -0.014792 -0.014792 -0.014792
彩电                          1.0  0.022346       NaN  2.234563e-02  0.022346  2.234563e-02  0.022346  0.022346           1.0  0.038340       NaN  0.038340  0.038340  0.038340  0.038340  0.038340
航空运输Ⅲ                       1.0  0.006402       NaN  6.402221e-03  0.006402  6.402221e-03  0.006402  0.006402           1.0 -0.002232       NaN -0.002232 -0.002232 -0.002232 -0.002232 -0.002232
钢结构                         1.0  0.128142       NaN  1.281420e-01  0.128142  1.281420e-01  0.128142  0.128142           1.0  0.091187       NaN  0.091187  0.091187  0.091187  0.091187  0.091187
装修装饰Ⅲ                       1.0 -0.120678       NaN -1.206780e-01 -0.120678 -1.206780e-01 -0.120678 -0.120678           1.0 -0.092293       NaN -0.092293 -0.092293 -0.092293 -0.092293 -0.092293
其他纤维                        1.0 -0.001117       NaN -1.116869e-03 -0.001117 -1.116869e-03 -0.001117 -0.001117           1.0  0.027269       NaN  0.027269  0.027269  0.027269  0.027269  0.027269
电机                          1.0  0.016130       NaN  1.612962e-02  0.016130  1.612962e-02  0.016130  0.016130           1.0  0.048682       NaN  0.048682  0.048682  0.048682  0.048682  0.048682
化学工程                        1.0 -0.000716       NaN -7.159650e-04 -0.000716 -7.159650e-04 -0.000716 -0.000716           1.0  0.037629       NaN  0.037629  0.037629  0.037629  0.037629  0.037629
白酒                          1.0  0.033104       NaN  3.310401e-02  0.033104  3.310401e-02  0.033104  0.033104           1.0  0.027220       NaN  0.027220  0.027220  0.027220  0.027220  0.027220
营销服务                        1.0  0.397287       NaN  3.972871e-01  0.397287  3.972871e-01  0.397287  0.397287           1.0  0.351096       NaN  0.351096  0.351096  0.351096  0.351096  0.351096
电子系统组装                      1.0  0.034006       NaN  3.400638e-02  0.034006  3.400638e-02  0.034006  0.034006           1.0  0.026986       NaN  0.026986  0.026986  0.026986  0.026986  0.026986
涤纶                          1.0  0.065758       NaN  6.575752e-02  0.065758  6.575752e-02  0.065758  0.065758           1.0  0.082063       NaN  0.082063  0.082063  0.082063  0.082063  0.082063
水泥制造                        1.0  0.093357       NaN  9.335687e-02  0.093357  9.335687e-02  0.093357  0.093357           1.0  0.096409       NaN  0.096409  0.096409  0.096409  0.096409  0.096409
电气自控设备                      1.0 -0.012796       NaN -1.279646e-02 -0.012796 -1.279646e-02 -0.012796 -0.012796           1.0 -0.049984       NaN -0.049984 -0.049984 -0.049984 -0.049984 -0.049984
航空航天设备                      1.0 -0.041190       NaN -4.119033e-02 -0.041190 -4.119033e-02 -0.041190 -0.041190           1.0 -0.051706       NaN -0.051706 -0.051706 -0.051706 -0.051706 -0.051706
专业连锁                        1.0 -0.128122       NaN -1.281218e-01 -0.128122 -1.281218e-01 -0.128122 -0.128122           1.0 -0.125585       NaN -0.125585 -0.125585 -0.125585 -0.125585 -0.125585
摩托车                         1.0 -0.018300       NaN -1.830015e-02 -0.018300 -1.830015e-02 -0.018300 -0.018300           1.0  0.003735       NaN  0.003735  0.003735  0.003735  0.003735  0.003735
金属制品Ⅲ                       1.0 -0.013774       NaN -1.377353e-02 -0.013774 -1.377353e-02 -0.013774 -0.013774           1.0 -0.010365       NaN -0.010365 -0.010365 -0.010365 -0.010365 -0.010365
小家电                         1.0  0.090909       NaN  9.090927e-02  0.090909  9.090927e-02  0.090909  0.090909           1.0  0.062045       NaN  0.062045  0.062045  0.062045  0.062045  0.062045
鞋帽                          1.0  0.006241       NaN  6.241366e-03  0.006241  6.241366e-03  0.006241  0.006241           1.0  0.019004       NaN  0.019004  0.019004  0.019004  0.019004  0.019004
船舶制造                        1.0 -0.011262       NaN -1.126158e-02 -0.011262 -1.126158e-02 -0.011262 -0.011262           1.0  0.005048       NaN  0.005048  0.005048  0.005048  0.005048  0.005048
珠宝首饰                        1.0 -0.140586       NaN -1.405861e-01 -0.140586 -1.405861e-01 -0.140586 -0.140586           1.0 -0.151322       NaN -0.151322 -0.151322 -0.151322 -0.151322 -0.151322
热电                          1.0  0.001409       NaN  1.409446e-03  0.001409  1.409446e-03  0.001409  0.001409           1.0  0.005967       NaN  0.005967  0.005967  0.005967  0.005967  0.005967
调味发酵品                       1.0 -0.092150       NaN -9.215031e-02 -0.092150 -9.215031e-02 -0.092150 -0.092150           1.0 -0.087210       NaN -0.087210 -0.087210 -0.087210 -0.087210 -0.087210
乘用车                         1.0  0.051860       NaN  5.186003e-02  0.051860  5.186003e-02  0.051860  0.051860           1.0  0.019279       NaN  0.019279  0.019279  0.019279  0.019279  0.019279
有线电视网络                      1.0 -0.033790       NaN -3.379038e-02 -0.033790 -3.379038e-02 -0.033790 -0.033790           1.0 -0.021954       NaN -0.021954 -0.021954 -0.021954 -0.021954 -0.021954
休闲服装                        1.0  0.314329       NaN  3.143293e-01  0.314329  3.143293e-01  0.314329  0.314329           1.0  0.208078       NaN  0.208078  0.208078  0.208078  0.208078  0.208078
地面兵装Ⅲ                       1.0 -0.022819       NaN -2.281949e-02 -0.022819 -2.281949e-02 -0.022819 -0.022819           1.0 -0.025711       NaN -0.025711 -0.025711 -0.025711 -0.025711 -0.025711
元件Ⅲ                         1.0  0.055175       NaN  5.517517e-02  0.055175  5.517517e-02  0.055175  0.055175           1.0  0.025716       NaN  0.025716  0.025716  0.025716  0.025716  0.025716
其他化工新材料                     1.0  0.064281       NaN  6.428052e-02  0.064281  6.428052e-02  0.064281  0.064281           1.0  0.083523       NaN  0.083523  0.083523  0.083523  0.083523  0.083523
多业态零售                       1.0  0.080736       NaN  8.073569e-02  0.080736  8.073569e-02  0.080736  0.080736           1.0  0.088205       NaN  0.088205  0.088205  0.088205  0.088205  0.088205
农业综合Ⅲ                       1.0  0.056269       NaN  5.626852e-02  0.056269  5.626852e-02  0.056269  0.056269           1.0  0.041365       NaN  0.041365  0.041365  0.041365  0.041365  0.041365
其它电源设备                      1.0  0.020078       NaN  2.007811e-02  0.020078  2.007811e-02  0.020078  0.020078           1.0  0.028882       NaN  0.028882  0.028882  0.028882  0.028882  0.028882
农用机械                        1.0  0.100751       NaN  1.007510e-01  0.100751  1.007510e-01  0.100751  0.100751           1.0  0.112587       NaN  0.112587  0.112587  0.112587  0.112587  0.112587
复合肥                         1.0 -0.037676       NaN -3.767644e-02 -0.037676 -3.767644e-02 -0.037676 -0.037676           1.0 -0.045902       NaN -0.045902 -0.045902 -0.045902 -0.045902 -0.045902

Year Statistics:
     Cumulative Return                                                                       Excess Return                                                                      
                 count      mean       std       min       25%       50%       75%       max         count      mean       std       min       25%       50%       75%       max
Year                                                                                                                                                                            
2018              30.0  0.020119  0.076650 -0.167727 -0.031768  0.018465  0.074360  0.183123          30.0  0.031432  0.062333 -0.094445 -0.007914  0.018359  0.088012  0.149913
2019              84.0  0.004191  0.085238 -0.132135 -0.046019 -0.000358  0.034206  0.397287          84.0  0.005887  0.081669 -0.146222 -0.048805  0.003906  0.040560  0.351096
2020             107.0  0.047963  0.087222 -0.140586 -0.010025  0.045830  0.089389  0.420301         107.0  0.030701  0.078785 -0.151322 -0.018248  0.019168  0.072014  0.417963
2021             126.0  0.045263  0.097191 -0.144792 -0.007821  0.032893  0.083459  0.610494         126.0  0.046892  0.095460 -0.153919 -0.002719  0.031051  0.080119  0.628366
2022             153.0  0.013661  0.097747 -0.235447 -0.041594  0.004642  0.047478  0.610619         153.0  0.012433  0.092805 -0.179289 -0.039397 -0.001693  0.042277  0.597581

Month Statistics:
      Cumulative Return                                                                       Excess Return                                                                      
                  count      mean       std       min       25%       50%       75%       max         count      mean       std       min       25%       50%       75%       max
Month                                                                                                                                                                            
1                  40.0  0.020331  0.071777 -0.235447 -0.012009  0.016817  0.075981  0.152483          40.0  0.020020  0.060973 -0.179289 -0.008704  0.008282  0.061769  0.135765
2                  17.0  0.042470  0.103789 -0.064070 -0.004434  0.034013  0.056176  0.397287          17.0  0.039360  0.092763 -0.068277 -0.017109  0.033222  0.053136  0.351096
3                  28.0 -0.020036  0.081821 -0.204226 -0.067564 -0.028535  0.031138  0.136187          28.0  0.008269  0.068942 -0.140404 -0.034046  0.007456  0.061888  0.128654
4                  37.0  0.055290  0.140592 -0.130953 -0.012671  0.032224  0.095832  0.610494          37.0  0.060940  0.140552 -0.120072 -0.014354  0.026986  0.089996  0.628366
5                  26.0  0.038217  0.068163 -0.085474 -0.009711  0.043043  0.088366  0.174680          26.0  0.035142  0.068638 -0.093590 -0.010528  0.018156  0.082587  0.154428
6                  70.0  0.018264  0.059242 -0.167727 -0.021978  0.010019  0.048071  0.147058          70.0  0.010368  0.056505 -0.092132 -0.032600  0.005780  0.046894  0.150607
7                  49.0  0.032624  0.098532 -0.120678 -0.032918  0.025947  0.064707  0.314329          49.0  0.020776  0.071047 -0.136008 -0.022547  0.020514  0.049653  0.222514
8                  34.0  0.018154  0.088636 -0.110553 -0.044035  0.010405  0.066995  0.238578          34.0  0.017910  0.088598 -0.097724 -0.060646  0.002941  0.050082  0.234678
9                  41.0  0.030985  0.131309 -0.132371 -0.044385  0.011557  0.077758  0.610619          41.0  0.034183  0.124912 -0.146222 -0.039570  0.007022  0.079598  0.597581
10                 20.0  0.038349  0.136077 -0.129330 -0.023691  0.009123  0.065139  0.474333          20.0  0.042737  0.136128 -0.118361 -0.032006  0.001399  0.079454  0.492886
11                 73.0  0.048692  0.087878 -0.128122 -0.005051  0.032958  0.079903  0.412722          73.0  0.035503  0.087323 -0.125585 -0.020073  0.025450  0.068130  0.390790
12                 65.0  0.012019  0.064360 -0.144792 -0.033186  0.004464  0.055195  0.198864          65.0  0.007115  0.066921 -0.153919 -0.039022  0.008124  0.043961  0.210792

Market Value Quintile Statistics:
                      Cumulative Return                                                                       Excess Return                                                                      
                                  count      mean       std       min       25%       50%       75%       max         count      mean       std       min       25%       50%       75%       max
Market Value Quintile                                                                                                                                                                            
Quintile 1                        100.0  0.023775  0.123186 -0.235447 -0.051122  0.009483  0.063541  0.610619         100.0  0.022692  0.116659 -0.179289 -0.035380  0.001350  0.057617  0.597581
Quintile 2                        100.0  0.016749  0.094854 -0.129330 -0.040158  0.004731  0.056907  0.610494         100.0  0.014987  0.097309 -0.136008 -0.042332  0.003261  0.053455  0.628366
Quintile 3                        100.0  0.027450  0.086160 -0.111341 -0.028102  0.006963  0.061174  0.412722         100.0  0.024394  0.081003 -0.094707 -0.031033  0.011055  0.064433  0.390790
Quintile 4                        100.0  0.034447  0.088452 -0.204226 -0.019421  0.024329  0.076650  0.314329         100.0  0.032583  0.076718 -0.140404 -0.012506  0.023335  0.072986  0.258572
Quintile 5                        100.0  0.036389  0.067104 -0.118644 -0.000466  0.032001  0.077361  0.219781         100.0  0.030674  0.059950 -0.102617 -0.002496  0.026351  0.059854  0.187712

Market Value Quintile Ranges:
Quintile 3: 390270.1298 - 643269.7547
Quintile 5: 1324049.0277 - 26391625.3113
Quintile 1: 63225.0 - 241962.5916
Quintile 4: 651489.1453 - 1319910.6525
Quintile 2: 242812.2305 - 387915.6019


Missing values:
Trade Date               0
Stock Code               0
Cumulative Return        0
Market Value             0
Excess Return            0
Industry Name            0
Year                     0
Month                    0
Market Value Quintile    0

Data types:
Trade Date               datetime64[ns]
Stock Code                       object
Cumulative Return               float64
Market Value                    float64
Excess Return                   float64
Industry Name                    object
Year                              int64
Month                             int64
Market Value Quintile          category